20.84	15.9
20.78	15.62
21	16.1
20.95	17.31
20.82	18.39
20.76	17.6
20.94	17.47
20.78	17.38
20.46	14.6
20.48	12.37
20.49	13.49
20.36	11.15
20.38	10.49
20.29	11.62
20.29	12.53
20.64	16.56
20.08	14.8
19.96	13.89
19.85	13.63
20.34	15.7
20.28	14.15
20.38	14.51
20.15	15.02
20.05	15.61
19.89	15.03
20.38	14.6
20.4	14.8
20.54	15.58
20.06	15.67
20.45	15.91
20.66	16.75
20.12	16.26
20.36	17.65
20.38	16.42
20.47	16.51
20.71	15.97
20.76	15.82
20.24	15.02
20.53	14.98
20.33	16.14
20.21	17.11
19.96	16.63
19.78	16.82
20.01	17.47
19.5	16.86
19.99	15.55
19.86	15.72
19.78	16.39
20.07	16.98
20.42	17.18
20.1	17.09
20.29	17.54
20.35	17.36
20.68	18.24
20.9	18.71
21.01	18.73
21.3	19.28
21.29	19.46
21.48	19.55
22.26	20.07
21.72	20.65
21.73	21.02
22.03	21
22.06	21.82
21.62	20.46
21.62	21.13
21.95	20.91
21.95	21.37
22.34	21.42
22.38	21.38
22.75	21.29
22.48	20.77
22.59	20.82
22.62	21.7
22.83	22.37
23.09	22.96
22.48	22.38
21.82	22.53
22.28	22.54
22.29	22.51
21.76	22.52
22.02	22.66
21.13	21.25
21.91	18.25
20.95	20.48
20.45	20.69
20.97	21.45
21.95	22.27
22.72	22.84
22.99	23.33
22.9	23.69
23.13	22.62
23.07	23.2
22.93	22.93
23.66	23.9
24.06	22.62
23.54	23.03
23.31	24.48
23.05	21.48
23.01	19.94
22.58	22.33
22.48	21.43
22.22	22.7
22.9	22.22
22.42	24.12
23.78	25.38
24.33	25.6
24.52	24.21
24.6	24.65
24.99	24.95
25.19	21.97
24.76	20.65
24.23	19.69
22.89	21.21
23.84	20.3
23.88	22.29
23.94	22.13
24.68	22.68
23.77	22.1
22.6	21.95
24.31	23.55
24.85	24.57
25.15	25.53
25.44	25.9
25.43	25.38
25.62	25.42
25.5	26
25.22	26.73
25.48	24.96
25.13	26.05
25.36	27.29
25.24	27.24
24.17	24.67
24.5	26.08
24.73	27.94
25.32	28.53
25.75	28.85
25.76	25.78
22.36	23.3
22.36	24.24
22.08	23.21
21.77	23.39
25.18	24.23
25.49	25.21
26.1	26.05
26.02	26.48
26.09	26.19
26.41	25.17
26.45	26.74
26.41	28.2
26.45	26.23
26.78	26.81
26.97	27.57
26.87	27.94
26.75	28.29
27.22	28.98
27.53	27.93
26.88	27.61
26.54	26.37
25.09	24.99
25.42	26.94
25.97	24.34
26.06	25.63
28.07	25.42
26.84	23.66
24.29	23.6
26.52	24.88
26.08	25.7
25.5	24.51
24.74	24.33
26.24	25.9
26.28	25.77
27.29	27.22
27.91	27.52
26.62	27.37
25.38	27.66
24.58	25.71
24.4	25.96
25.15	25.83
25.17	26.6
25.75	26.21
25.28	27
24.94	27.51
24.92	26.85
25.25	27.44
24.45	25.68
25.83	24.6
26.65	26.01
26.46	26.68
25.81	26.54
26.96	25.18
28.08	26.89
29.21	27.92
28.19	28.61
28.49	28.24
27.61	25.14
25.01	22.86
27.63	23.33
27.94	23.57
28.08	25.13
27.96	24.33
27.22	24.36
26.09	23.87
26.69	24.1
26.68	22.9
27.08	21.69
27.01	23.33
26.67	23.59
26.47	22.53
-999	22.24
-999	23.36
-999	24.76
25.555	24.5
26.76	23.49
26.54	22.88
25.615	23.87
24.66	24.18
26.47	24.31
26.565	25.36
27.91	26.43
28.765	25.85
27.405	25.38
28.87	25.93
28.71	25.8
26.9	25.27
26	25.82
24.155	24.37
24.6	24.5
26.34	24.48
26.76	25.15
26.44	25.49
25.96	23.25
27.015	24.86
27.81	24.96
28.09	25.85
27.845	26.13
26.645	25.76
26.59	25.47
27.52	24.19
28.18	25.05
28.37	25.18
28.605	24.95
28.705	25.03
28.32	24.41
27.51	24.07
-999	24.39
-999	25.81
-999	24.7
-999	24.84
-999	24.48
-999	25.15
-999	23.48
-999	24.79
-999	25.7
-999	24.66
-999	24.06
-999	24.54
-999	25.03
-999	26.12
-999	23.72
-999	24.58
-999	23.49
-999	24.4
-999	24.7
-999	25.42
-999	24.77
-999	25.91
-999	24.3
-999	24.28
-999	24.82
-999	25.5
-999	26.29
27.05	25.02
25.86	24.78
25.73	24.44
26.77	24.73
26.66	24.55
27.14	24.68
27.16	23.93
26.35	24.87
26.71	24.24
26.03	23.26
25.62	21.75
25.31	19.5
25.08	17.92
24.86	16.67
24.88	19.07
24.9	21.36
25.36	22.11
25.53	22.4
25.21	22.16
25.63	22.94
25.5	21.68
25.39	21.75
25.33	21.72
25.41	21.1
25.43	21.07
25.62	21.68
25.64	21.31
25.4	20.27
25.3	20.38
25.11	20.82
24.92	20.18
24.97	20.7
24.79	19.3
24.66	18.38
24.58	20.1
24.48	20.74
24.22	20.5
24.2	20.59
24.51	20.36
24.41	20.5
24.41	20.17
24.29	21.06
24.15	19.62
23.88	18.5
23.87	18.6
23.85	17.86
23.67	19.01
23.65	19.47
23.76	18.57
23.72	18.47
23.45	18.37
23.37	18.48
23.42	17.44
23.37	17.14
23.3	17.31
23.28	18.01
23.06	18.46
23.05	19.52
22.84	18.82
22.74	20.37
22.72	19.45
22.62	18.34
22.61	18.91
22.42	18.4
22.44	18.7
22.33	15.36
22.2	16.33
22.16	15.58
22.15	15.22
22.04	16.95
21.93	17.32
21.86	14.65
21.77	15.6
21.64	16
21.48	15.23
21.46	14.98
21.46	14.55
21.38	16.05
21.25	14.49
21.05	12.9
20.84	13.98
20.7	15.77
20.61	15.75
20.55	16.47
20.49	16.23
20.46	15.6
20.4	14.94
20.42	15.88
20.36	16.09
20.45	18
20.46	18.36
20.5	18.49
20.48	17.63