0.81 	20.44 
2.81 	20.05 
4.81 	20.07 
6.81 	19.72 
8.81 	19.98 
14.81 	19.88 
16.81 	19.89 
18.81 	19.94 
20.81 	19.95 
22.81 	19.95 
24.81 	20.00 
28.81 	19.90 
30.81 	19.90 
34.81 	19.83 
36.81 	19.58 
38.81 	19.41 
45.81 	18.99 
48.81 	18.62 
51.81 	18.46 
54.81 	17.84 
57.81 	18.02 
66.62 	16.95 
69.84 	17.36 
72.67 	17.11 
75.25 	17.34 
78.25 	16.81 
81.08 	16.35 
83.86 	16.95 
86.54 	15.90 
90.09 	16.43 
92.49 	15.99 
1.87 	20.24 
3.87 	20.21 
5.87 	19.76 
7.87 	19.86 
13.87 	19.49 
15.87 	19.47 
17.87 	19.47 
19.87 	19.45 
21.87 	19.40 
23.87 	19.39 
25.87 	19.99 
27.87 	19.09 
29.87 	18.96 
33.87 	18.80 
35.87 	18.60 
37.87 	18.53 
41.87 	17.57 
44.87 	18.29 
47.87 	17.98 
50.87 	17.87 
53.87 	17.26 
56.87 	17.64 
65.68 	16.70 
68.90 	17.16 
71.74 	16.86 
74.32 	17.07 
77.31 	16.45 
80.14 	15.98 
82.93 	16.64 
85.60 	15.55 
89.15 	16.09 
91.55 	15.67
1.24 	21.96 
7.24 	21.07 
9.24 	20.63 
11.24 	20.21 
13.24 	19.96 
15.24 	19.43 
17.24 	19.35 
19.24 	19.93 
21.24 	19.09 
23.24 	18.97 
27.24 	18.87 
29.24 	18.66 
31.24 	18.54 
35.24 	17.92 
38.24 	18.23 
41.24 	17.86 
44.24 	17.68 
47.24 	17.02 
50.24 	17.50 
59.05 	16.49 
62.27 	16.95 
65.11 	16.64 
67.69 	16.85 
70.68 	16.30 
73.51 	15.79 
76.30 	16.50 
78.97 	15.44 
82.52 	15.91 
84.92 	15.49
1.79 	23.62 
3.79 	23.35 
5.79 	22.70 
7.79 	21.82 
9.79 	21.53 
11.79 	19.75 
13.79 	19.32 
17.79 	19.12 
19.79 	18.86 
21.79 	18.69 
25.79 	18.09 
28.79 	18.11 
31.79 	17.63 
34.79 	17.35 
37.79 	16.65 
40.79 	17.17 
49.60 	16.16 
52.82 	16.68 
55.66 	16.39 
58.24 	16.61 
61.23 	16.04 
64.06 	15.53 
66.85 	16.27 
69.52 	15.13 
73.07 	15.72 
75.47 	15.29 
5.23 	24.36 
9.23 	24.03 
13.23 	18.98 
15.23 	18.94 
23.23 	16.94 
32.23 	16.62 
35.23 	17.89 
38.23 	16.46 
50.23 	15.36 
0.05 	25.43 
2.05 	24.97 
4.05 	23.58 
6.05 	22.50 
10.05 	21.32 
12.05 	20.14 
14.05 	19.76 
18.05 	19.17 
21.05 	19.16 
24.05 	18.84 
27.05 	18.34 
30.05 	17.48 
33.05 	18.15 
41.86 	16.98 
45.08 	17.47 
47.92 	17.08 
50.50 	17.19 
53.49 	16.53 
56.32 	15.86 
59.11 	16.58 
61.78 	15.47 
65.33 	15.93 
67.73 	15.48 
1.15 	26.92 
3.15 	25.80 
7.15 	24.72 
9.15 	22.68 
11.15 	22.18 
15.15 	21.43 
18.15 	21.31 
21.15 	20.92 
24.15 	20.30 
27.15 	19.27 
30.15 	20.06 
38.96 	18.20 
42.18 	18.38 
45.01 	17.76 
47.59 	17.65 
50.59 	16.93 
53.42 	16.18 
56.20 	16.50 
58.88 	15.18 
62.42 	15.56 
64.83 	15.08 
1.33 	26.98 
3.33 	25.53 
5.33 	24.50 
9.33 	23.37 
11.33 	22.55 
13.33 	22.34 
17.33 	21.99 
20.33 	22.04 
23.33 	21.65 
26.33 	21.20 
29.33 	20.14 
32.33 	20.71 
41.14 	19.90 
44.36 	20.02 
47.19 	19.10 
49.78 	18.49 
52.77 	17.45 
55.60 	16.59 
58.39 	17.20 
61.06 	16.08 
64.61 	16.42 
67.01 	15.91 
12.74 	23.42 
14.74 	23.14 
16.74 	23.02 
20.74 	22.74 
23.74 	22.77 
26.74 	21.78 
29.74 	21.78 
32.74 	20.60 
35.74 	21.44 
44.55 	20.29 
47.77 	20.36 
50.60 	19.42 
53.19 	18.84 
56.18 	17.77 
59.01 	16.74 
61.80 	17.37 
64.47 	16.21 
68.02 	16.60 
70.42 	16.11 
1.41 	25.20 
3.41 	25.55 
5.41 	25.04 
7.41 	24.54 
11.41 	23.51 
13.41 	23.44 
17.41 	23.33 
19.41 	23.23 
21.41 	23.18 
25.41 	22.97 
28.41 	23.03 
31.41 	21.55 
34.41 	22.10 
37.41 	20.82 
40.41 	21.36 
49.22 	20.23 
52.44 	20.16 
55.27 	19.22 
57.86 	18.77 
60.85 	17.81 
63.68 	16.73 
66.46 	17.37 
69.14 	16.22 
72.69 	16.65 
75.09 	16.16 
1.16 	23.74 
3.16 	23.53 
5.16 	23.52 
7.16 	23.55 
9.16 	23.38 
11.16 	23.32 
15.16 	22.95 
17.16 	22.85 
21.16 	22.64 
23.16 	22.32 
25.16 	22.16 
29.16 	21.79 
32.16 	21.89 
35.16 	20.17 
38.16 	21.01 
41.16 	19.72 
44.16 	20.29 
52.97 	19.29 
56.19 	19.62 
59.02 	19.08 
61.61 	18.80 
64.60 	17.91 
67.43 	16.81 
70.22 	17.45 
72.89 	16.27 
76.44 	16.71 
78.84 	16.20 
3.74 	21.28 
5.74 	21.19 
7.74 	21.24 
9.74 	21.33 
11.74 	21.15 
13.74 	21.34 
17.74 	21.18 
19.74 	21.19 
23.74 	21.07 
25.74 	20.86 
27.74 	20.70 
31.74 	20.28 
34.74 	20.39 
37.74 	18.72 
40.74 	19.65 
43.74 	18.38 
46.74 	19.06 
55.55 	18.20 
58.77 	18.80 
61.60 	18.57 
64.19 	18.63 
67.18 	17.92 
70.01 	16.84 
72.80 	17.53 
75.47 	16.33 
79.02 	16.74 
81.42 	16.23 
